53
8
6
28
1
87
33
78
8
54
66
3
65
3
47
31
13
70
86
53
1
40
84
56
25
68
8
93
74
5
12
30
0
62
9
14
39
84
54
25
2
40
22
53
29
11
81
85
44
39
16
12
71
6
45
91
46
28
80
55
40
83
56
23
44
0
17
49
55
93
88
17
66
67
3
61
39
14
27
65
23
6
65
66
67
82
78
63
79
12
74
20
7
40
48
82
32
75
58
60
71
91
63
43
47
42
38
17
56
30
18
78
62
63
73
63
66
30
37
7
48
53
26
74
80
90
71
76
5
10
14
23
17
32
70
24
64
14
38
63
47
75
39
23
86
40
14
6
89
7
15
23
4
19
17
58
47
1
37
88
43
23
20
45
68
60
57
65
32
57
22
23
62
56
40
11
36
21
87
57
91
71
40
86
33
88
0
87
67
86
16
10
30
77
46
65
93
10
71
5
44
34
30
16
30
64
69
7
21
41
76
3
46
0
78
64
3
84
9
13
44
53
76
3
63
88
68
69
18
44
30
14
83
3
29
21
23
56
82
71
83
73
59
13
77
32
42
10
55
83
29
80
5
36
42
52
32
0
30
32
18
74
15
87
60
26
42
0
85
47
44
42
50
46
57
2
31
1
13
47
23
40
22
36
68
56
26
44
72
20
76
9
77
41
92
0
58
23
28
49
32
19
17
10
79
13
93
52
18
20
20
19
74
75
4
92
44
18
3
35
59
20
78
46
16
60
54
21
84
36
93
81
48
29
25
15
3
74
61
57
72
41
7
41
60
37
66
59
77
21
30
16
45
79
24
60
75
86
77
93
34
16
67
82
55
14
35
19
51
14
62
32
45
81
48
2
92
43
78
43
23
30
76
73
81
33
13
51
4
60
85
78
59
50
59
88
52
65
29
64
40
56
31
81
61
63
43
58
3
59
66
34
46
27
79
60
67
87
51
14
40
10
91
85
3
66
38
81
28
1
63
10
13
66
8
75
4
20
10
79
92
61
82
17
90
67
9
32
74
45
45
68
48
34
80
42
80
66
80
74
33
90
76
46
55
72
46
4
2
77
20
3
83
92
84
80
80
92
57
37
23
83
14
58
61
38
59
68
33
17
89
2
70
29
62
58
91
74
6
47
46
37
13
2
66
34
33
5
62
44
16
82
65
35
33
7
64
70
55
86
34
9
29
82
55
4
3
14
54
72
14
29
82
62
93
27
37
20
81
77
88
29
16
82
30
63
30
49
8
58
73
37
74
84
18
26
60
18
19
66
9
52
46
85
78
73
1
2
55
35
92
83
10
48
47
22
37
61
63
88
50
80
61
37
62
66
83
73
44
75
17
83
72
5
92
4
1
49
35
53
11
49
89
47
58
62
55
67
71
14
30
29
56
8
17
62
69
91
25
10
68
65
68
14
57
24
77
82
45
16
38
6
51
35
56
68
67
23
32
29
72
20
27
71
61
41
66
84
72
10
6
28
10
66
40
4
90
7
79
63
54
29
54
71
67
78
3
45
4
10
90
6
5
90
72
48
2
18
36
90
36
76
36
92
92
54
69
27
87
23
11
81
39
23
77
37
20
83
21
81
43
40
59
68
35
85
76
11
30
16
42
29
44
91
52
44
64
60
41
39
77
77
75
1
0
49
30
44
79
17
21
60
24
5
51
84
46
90
47
48
11
42
29
37
42
74
68
87
69
35
12
54
84
25
33
86
33
29
90
62
64
52
0
93
57
90
69
46
13
33
55
24
8
61
32
92
76
6
92
3
74
36
89
21
14
24
2
71
83
30
3
35
14
43
20
12
87
92
44
28
22
25
81
67
58
2
59
8
71
9
79
50
76
38
20
13
91
43
11
56
83
36
10
36
1
7
2
48
70
71
25
15
91
92
42
50
3
24
17
54
18
20
56
61
1
36
38
2
11
90
30
6
57
58
13
58
72
50
28
80
8
64
34
4
71
69
52
76
3
6
67
13
31
21
77
64
57
6
90
7
32
44
66
44
29
2
32
14
20
89
76
71
57
64
93
87
15
16
0
34
32
18
57
85
87
39
91
89
76
65
43
56
29
58
65
36
64
77
66
44
56
1
67
12
43
48
60
60
20
61
92
88
15
15
83
52
73
3
93
20
74
48
62
21
76
33
45
34
42
70
50
5
49
28
85
33
75
39
62
68
41
54
76
2
21
27
37
46
15
36
27
67
14
30
21
87
65
71
18
71
7
52
70
8
0
41
69
62
92
29
24
37
28
1
41
11
35
68
54
37
57
85
44
7
63
33
8
50
28
59
86
82
3
17
36
76
9
31
67
81
44
32
80
71
70
27
30
42
59
56
62
36
60
74
6
4
11
13
31
84
12
40
15
1
42
17
5
83
89
78
49
62
45
56
29
73
32
7
34
24
47
66
24
2
38
0
3
55
86
93
62
58
81
53
54
11
91
58
18
72
76
1
51
53
9
11
55
43
80
5
88
64
89
84
40
32
63
71
73
2
5
2
74
26
56
72
80
30
12
46
21
67
89
7
50
12
43
14
4
27
33
32
71
31
47
27
12
37
68
20
54
37
3
80
64
92
93
7
6
51
88
17
48
71
52
65
86
74
46
23
54
76
30
53
65
66
56
29
73
24
45
72
55
82
23
87
8
45
58
57
24
84
24
27
88
41
67
25
50
42
12
38
60
8
46
13
20
88
22
24
86
40
55
8
68
60
62
16
92
73
47
9
13
45
18
28
47
49
61
11
62
19
38
77
47
81
0
78
22
56
63
30
14
32
30
11
39
44
41
26
66
54
78
4
71
32
53
55
64
16
79
31
51
18
81
59
87
33
30
13
11
53
78
42
3
77
66
46
73
80
80
28
61
79
35
51
65
57
70
91
35
65
39
44
74
54
42
7
64
79
67
10
26
7
46
80
76
31
64
6
85
53
67
77
62
28
33
15
5
5
48
91
58
54
59
4
80
61
14
50
73
67
40
56
0
77
83
38
80
7
51
90
13
31
65
13
86
4
26
0
88
78
51
73
65
49
58
66
7
87
79
17
0
66
76
73
31
45
4
56
51
37
2
51
5
28
56
59
83
38
74
73
54
58
7
15
41
51
8
72
71
17
20
50
20
0
76
88
75
89
93
34
56
33
55
34
33
25
83
10
62
20
58
30
51
65
65
47
14
23
20
87
1
39
20
53
41
8
28
80
12
62
80
33
21
5
88
89
3
58
21
16
53
10
16
57
25
43
69
88
18
47
88
3
40
67
24
83
12
42
91
21
43
32
16
93
21
5
57
18
50
0
14
13
45
79
1
21
86
68
87
58
93
71
58
83
38
77
54
88
81
87
46
74
85
76
65
87
45
75
77
35
18
12
45
28
54
46
28
71
28
13
47
92
46
17
89
41
25
2
75
69
4
79
56
68
30
60
27
28
19
37
34
30
25
54
89
14
38
91
89
9
10
91
73
21
90
33
2
51
65
51
43
42
4
0
66
84
39
15
10
37
9
75
61
90
67
13
44
77
88
79
79
6
16
23
5
10
67
40
9
16
81
41
7
80
19
29
87
9
55
23
28
17
92
87
12
16
80
72
5
89
80
29
84
66
64
52
41
10
78
44
45
20
36
85
61
17
3
38
9
53
0
42
63
15
60
34
40
63
89
59
77
83
72
69
2
71
83
79
8
81
38
66
58
9
11
72
69
62
76
22
20
26
20
88
29
87
56
5
23
90
65
68
68
35
67
53
22
67
24
7
68
78
46
1
8
45
12
37
70
12
85
64
19
16
82
82
0
46
90
84
77
84
27
13
50
54
3
43
16
78
4
19
86
88
12
69
21
54
35
53
61
75
77
35
50
45
78
21
12
78
55
46
23
30
38
13
58
93
53
13
41
54
31
59
77
59
74
24
73
15
59
56
59
85
0
71
46
50
88
75
91
29
30
67
2
86
58
46
15
59
15
17
48
18
78
68
31
37
23
39
16
87
13
40
66
37
61
10
45
7
56
29
29
30
12
41
71
23
67
83
77
57
78
85
59
44
11
76
53
74
53
12
71
89
16
41
56
89
83
8
76
19
41
58
52
55
26
33
4
15
38
82
68
72
10
88
19
51
38
75
53
51
18
32
30
41
79
87
44
15
69
1
48
29
56
15
93
66
9
24
9
66
61
9
4
66
23
48
31
37
49
92
3
3
9
16
59
12
79
5
27
71
85
13
32
6
32
37
49
32
18
48
71
86
32
45
70
72
81
42
35
8
34
59
58
62
89
4
3
41
74
68
65
14
10
92
8
42
91
75
36
36
61
22
21
52
8
53
91
51
60
43
16
64
32
40
32
82
37
28
87
8
79
40
82
74
50
83
6
75
46
88
45
36
89
22
4
8
30
76
17
91
78
62
54
57
80
39
72
27
62
17
42
77
42
6
68
3
35
65
26
3
30
92
40
81
63
38
20
56
41
90
78
34
28
51
50
56
54
19
92
6
78
84
0
54
50
77
75
55
53
52
18
55
92
54
46
71
13
56
76
17
37
12
87
40
5
66
24
59
30
77
76
77
72
73
79
16
55
68
27
14
23
26
89
26
70
3
31
29
17
15
91
84
17
20
6
29
38
25
24
42
70
73
91
70
52
90
14
30
39
69
17
72
78
62
42
78
36
63
90
49
4
38
13
20
58
76
68
0
92
79
89
22
34
75
74
44
79
29
91
59
27
61
60
16
64
12
48
48
44
68
47
20
28
0
68
23
89
43
0
36
65
64
14
14
20
85
90
52
92
26
60
53
45
90
67
89
73
29
51
3
76
11
4
24
0
71
52
35
52
25
72
71
82
87
51
10
41
47
88
63
51
55
3
32
75
23
82
3
61
5
68
56
16
11
50
90
70
6
22
58
59
29
6
16
69
30
26
41
85
25
22
88
7
85
44
33
10
58
61
47
35
53
3
17
72
23
32
79
21
52
9
21
13
0
56
22
73
75
89
55
6
82
86
20
70
19
68
44
75
63
42
12
32
93
76
21
33
82
28
26
6
11
8
3
51
12
91
54
77
48
36
54
79
35
73
5
93
13
57
10
88
88
79
79
47
10
47
19
87
2
14
43
1
79
13
59
0
19
23
3
53
12
5
4
46
25
48
46
4
26
91
71
87
52
4
0
25
12
48
18
73
78
14
91
53
23
66
48
50
90
89
40
89
55
8
25
58
74
35
57
39
39
70
2
75
69
5
31
32
67
82
24
52
76
81
75
37
91
1
61
39
22
88
16
45
91
47
2
18
45
34
43
82
41
43
12
24
35
47
6
58
16
50
91
33
13
47
34
59
66
20
88
10
12
8
43
56
65
78
55
25
10
86
56
2
11
68
74
5
26
31
59
50
78
79
57
68
38
30
47
46
36
22
72
38
32
47
38
54
49
46
6
71
55
66
13
54
83
89
46
24
27
26
65
83
14
37
79
62
7
41
29
92
90
91
25
23
32
71
10
27
23
22
44
46
60
92
6
29
65
8
36
36
53
4
44
32
53
87
19
39
58
78
82
50
81
10
40
21
59
4
27
63
64
81
53
54
3
27
23
81
46
9
11
23
10
68
50
74
47
53
80
24
72
53
47
47
82
40
93
0
89
5
40
24
36
67
44
53
2
83
31
3
46
69
92
43
39
91
77
33
48
24
75
11
19
56
78
5
84
14
93
12
80
35
8
52
30
39
15
21
30
86
31
16
3
63
89
79
31
27
61
30
19
14
60
33
0
32
19
7
45
28
47
10
45
68
93
93
25
18
39
85
61
81
39
40
21
42
25
53
17
67
53
14
90
61
1
32
39
47
10
17
41
36
39
8
14
46
31
85
72
18
42
3
62
19
21
87
42
80
31
21
1
55
9
85
49
43
93
53
77
65
89
14
24
37
80
66
13
71
44
28
82
77
28
14
6
63
15
20
35
64
89
47
90
69
62
20
53
42
84
33
22
41
4
26
57
43
88
40
18
89
30
40
72
44
5
85
23
71
55
28
51
27
11
86
60
73
74
84
55
70
8
88
41
21
7
51
5
28
5
22
53
86
21
7
25
47
61
82
25
54
69
64
20
25
12
60
84
45
45
20
44
3
84
60
79
43
70
15
43
80
52
78
42
10
35
22
85
58
48
35
85
85
0
76
53
27
70
44
85
92
71
23
85
30
18
72
68
53
71
84
83
30
0
75
83
7
31
59
15
1
16
75
76
0
3
82
70
13
10
65
47
54
10
46
73
4
5
34
65
85
78
78
28
57
56
58
1
30
32
73
58
25
10
73
13
68
17
12
37
33
71
58
54
69
39
65
85
28
82
45
50
34
83
47
74
88
46
67
43
21
71
58
11
88
77
52
85
30
38
20
44
38
70
25
78
15
28
53
67
89
64
51
17
85
48
13
59
72
66
42
48
71
56
57
33
45
77
13
80
62
53
23
3
58
47
34
54
72
35
30
66
12
14
21
14
64
86
24
4
52
93
13
64
23
78
82
48
65
37
1
7
83
59
54
29
21
75
92
68
85
39
91
47
6
55
30
26
59
45
2
83
37
32
41
24
8
67
57
17
52
34
89
69
34
18
85
70
22
61
28
62
1
13
31
2
41
43
57
45
90
86
42
18
19
69
44
17
56
49
7
4
69
67
77
68
57
37
33
5
41
0
18
22
33
3
55
46
87
56
91
15
82
32
67
18
0
73
60
47
6
11
58
2
39
40
55
54
28
22
86
52
10
12
38
32
47
71
21
89
89
78
23
29
8
59
55
46
11
0
1
12
46
55
37
76
93
81
67
30
72
8
60
33
45
44
46
70
76
34
6
57
58
64
46
44
91
55
17
66
36
15
2
86
12
3
57
20
63
34
84
19
4
51
9
39
22
69
66
48
57
74
68
2
8
93
29
77
52
85
13
46
10
44
86
61
86
59
83
33
73
92
40
29
63
19
70
77
52
12
24
17
24
54
24
18
50
20
91
75
12
51
66
69
85
72
81
10
38
13
28
49
71
44
71
33
72
70
10
92
9
83
7
16
67
78
64
55
14
73
5
52
38
66
87
67
6
5
41
83
76
90
9
17
12
12
25
79
51
56
8
47
31
41
68
5
38
69
14
65
8
91
82
47
27
71
46
9
44
13
88
44
68
28
22
93
22
64
30
70
68
67
76
1
65
63
60
75
3
61
24
30
23
73
74
45
88
67
89
63
73
35
63
32
80
64
27
59
57
52
57
54
37
38
45
42
14
85
78
45
43
27
45
12
66
52
83
91
70
8
6
19
91
63
26
46
24
29
92
39
47
91
62
62
17
82
29
81
51
18
76
79
92
26
51
92
23
42
78
65
92
9
6
76
78
65
28
74
3
69
74
75
