73
42
38
57
52
10
61
62
88
54
80
46
17
14
70
29
64
67
72
36
58
9
47
52
28
90
69
75
1
50
9
93
79
79
63
17
39
8
66
42
1
13
33
53
82
42
21
86
74
76
31
5
84
30
87
35
25
10
5
18
22
49
7
73
1
57
4
75
92
86
87
65
80
51
47
70
28
18
60
8
12
79
72
29
47
69
31
86
76
92
16
62
40
86
6
18
12
79
74
87
44
57
50
43
76
70
19
22
74
26
36
26
82
58
70
89
76
71
2
60
21
35
23
87
83
4
6
16
16
39
56
19
79
7
2
83
13
1
43
60
83
73
69
18
43
79
20
22
40
39
78
10
8
23
29
48
82
44
93
66
89
79
48
47
39
74
74
10
10
34
31
39
57
9
3
51
57
62
45
48
70
80
92
38
24
77
10
92
73
2
74
92
17
72
12
35
51
77
48
21
10
74
61
34
59
71
3
45
71
81
5
74
82
51
27
56
66
2
68
80
71
88
9
8
59
44
50
4
61
9
15
1
38
64
0
17
27
45
76
5
30
17
31
71
83
24
13
91
41
76
44
27
61
57
29
69
22
61
14
68
88
23
44
60
22
85
54
74
37
16
38
1
52
22
77
47
11
78
18
2
49
92
25
55
54
7
40
7
72
33
89
19
26
81
18
13
18
86
5
37
19
42
46
7
28
48
0
42
19
40
62
78
27
1
8
8
69
77
13
42
59
6
54
64
20
30
13
59
86
82
44
68
88
30
67
44
20
40
67
65
84
71
38
70
14
86
69
48
30
61
15
56
73
68
0
25
87
67
84
12
50
43
76
81
54
41
93
34
66
52
8
77
88
2
43
87
14
85
17
36
68
49
74
31
74
31
32
55
92
47
60
14
37
46
52
6
63
88
67
68
91
68
37
53
36
44
36
25
14
51
93
43
56
80
1
88
2
18
70
43
39
89
47
53
49
44
18
82
70
76
72
50
10
92
60
79
6
49
6
74
17
11
90
37
41
42
11
18
43
57
83
64
68
62
87
42
21
68
21
16
58
25
42
58
54
35
6
61
59
66
32
63
38
5
9
81
8
37
55
8
61
29
31
43
25
22
2
47
7
42
77
30
27
25
22
52
79
13
8
89
81
92
4
55
2
42
86
10
71
60
34
23
78
78
43
35
63
38
12
71
3
55
16
82
30
80
28
79
32
52
41
9
24
33
33
35
7
19
76
58
29
58
12
21
91
65
83
3
57
22
48
79
19
88
76
75
24
42
48
56
85
5
18
22
92
16
70
54
27
17
72
8
70
68
27
33
5
67
90
16
49
53
17
17
31
18
38
40
80
43
16
31
55
50
83
23
41
63
67
2
81
69
64
80
6
8
42
69
42
67
63
60
12
26
10
72
74
73
74
85
32
49
56
9
54
14
62
43
5
5
37
59
2
54
89
32
3
54
42
54
34
24
3
43
2
3
54
78
8
44
77
8
11
67
33
30
58
39
52
87
57
31
15
8
18
16
59
51
51
43
60
8
10
77
42
45
19
41
31
29
65
65
17
69
14
31
79
24
77
87
61
28
12
1
32
53
30
76
57
15
76
89
80
63
4
46
25
3
65
65
87
45
80
9
45
87
57
60
80
69
60
88
55
64
34
3
52
64
24
49
42
62
78
51
91
10
6
76
23
14
54
47
37
26
53
93
84
19
48
42
52
60
10
48
77
34
0
2
55
75
62
61
0
78
11
39
67
36
24
92
52
16
1
88
22
87
59
51
39
41
55
80
52
66
93
39
87
70
53
30
56
28
30
57
56
18
49
4
79
86
56
63
36
35
41
40
12
40
26
60
58
14
2
58
60
39
42
85
79
61
2
0
42
72
90
51
46
61
91
52
86
34
73
15
22
22
71
28
32
1
73
66
34
10
50
35
73
62
51
24
46
5
81
58
29
19
85
42
8
69
69
59
92
53
51
5
70
81
57
40
1
3
26
38
38
75
56
37
11
55
58
42
88
66
86
50
47
7
59
27
62
4
19
93
29
61
74
30
73
21
39
16
91
85
81
44
5
28
86
67
87
72
83
85
72
87
18
38
86
37
33
42
12
54
33
93
93
70
38
22
89
44
18
68
22
60
80
4
17
63
59
36
60
82
37
20
26
39
30
35
35
79
66
5
19
35
31
91
84
6
15
34
71
47
3
43
86
59
83
88
57
29
50
59
62
76
65
30
22
54
68
33
27
41
48
28
50
47
55
32
79
81
91
18
72
46
73
63
68
39
2
83
43
37
41
36
53
56
40
87
10
19
38
0
70
82
29
3
1
32
11
56
2
28
33
75
49
81
3
25
15
82
91
21
32
50
22
63
29
58
88
9
48
66
29
1
59
71
49
47
16
34
3
8
34
73
86
91
25
39
18
61
21
18
51
89
80
89
36
28
79
28
6
22
86
65
23
14
66
25
71
12
76
83
79
87
74
19
72
14
50
35
64
43
48
42
27
75
73
40
69
22
39
52
24
29
28
11
7
48
65
61
91
4
51
78
88
71
60
68
90
33
64
17
55
30
5
93
54
63
0
48
8
36
32
83
12
88
88
43
79
80
22
60
8
79
83
63
17
39
52
78
36
70
67
59
36
53
66
8
23
23
42
37
34
48
1
29
21
80
53
71
69
82
2
3
71
89
78
25
62
24
5
34
85
63
44
43
85
37
2
75
6
90
43
85
63
18
20
77
22
48
59
87
33
23
53
53
31
2
32
78
69
4
67
89
23
17
77
69
71
32
59
68
55
82
82
4
72
23
75
9
29
27
48
93
60
31
51
7
3
54
25
72
22
19
66
91
79
25
37
22
57
85
16
47
12
20
23
11
60
30
75
1
82
79
18
9
53
8
29
55
27
67
90
85
31
85
30
54
37
17
57
41
37
18
83
65
39
51
23
71
27
74
60
26
38
63
19
85
22
84
78
45
47
41
59
63
18
28
73
3
85
28
60
32
25
25
92
67
62
79
41
89
15
87
44
30
23
17
46
72
59
79
60
56
33
74
25
31
47
86
86
34
43
69
40
25
34
78
45
11
8
8
54
28
23
73
3
7
3
60
19
37
15
18
1
35
66
51
37
59
45
18
91
68
0
29
33
0
67
81
67
26
50
47
47
13
49
62
70
81
50
85
62
60
69
21
85
83
40
29
11
23
56
59
52
37
5
7
71
23
56
0
74
44
59
47
83
36
91
90
48
59
29
87
38
79
46
19
35
80
90
6
64
5
2
61
57
65
6
25
88
76
26
90
72
17
59
84
77
10
64
32
57
45
93
63
12
7
54
61
28
21
81
64
22
7
8
50
1
53
36
55
26
92
1
85
71
13
10
92
45
8
67
45
10
89
69
18
84
2
93
49
45
53
37
7
29
40
47
5
4
69
66
85
38
87
73
80
45
36
85
6
10
72
87
79
3
87
40
20
25
54
36
10
31
39
20
56
18
76
61
2
9
22
50
76
27
23
70
85
55
9
61
76
13
77
30
72
13
6
26
88
54
3
21
8
59
20
53
61
68
89
84
58
58
6
90
48
5
42
70
26
27
3
73
52
35
82
93
4
52
69
26
22
1
72
44
4
7
9
65
90
25
10
37
88
73
14
1
12
6
34
16
63
21
60
65
62
18
37
21
52
92
92
48
79
33
18
0
37
60
88
80
16
50
65
83
48
43
64
79
35
63
51
11
12
38
18
41
30
10
23
31
74
50
50
9
66
64
46
71
40
84
68
70
26
74
52
32
76
80
80
80
51
13
92
5
55
39
27
80
57
30
81
92
89
31
14
31
47
20
51
29
81
1
82
79
93
18
55
55
81
8
40
74
42
6
72
35
0
31
6
50
13
10
0
42
31
69
35
15
60
2
89
66
30
68
72
83
75
4
43
21
54
83
57
75
77
13
88
55
13
92
23
36
18
53
38
32
21
54
3
53
90
3
56
6
63
43
48
2
63
66
37
18
66
66
18
39
2
51
15
37
36
79
57
15
18
71
76
14
87
56
87
33
5
59
30
65
86
17
12
45
5
42
28
54
47
52
76
64
77
78
91
40
43
54
70
3
24
32
26
93
14
23
60
92
29
7
75
70
47
51
63
74
41
51
51
20
59
54
12
8
69
66
70
69
45
69
87
70
37
0
34
84
6
93
22
18
3
65
39
43
50
44
72
7
29
65
0
21
24
93
42
22
90
19
90
34
88
36
4
6
34
58
49
72
89
53
12
0
52
5
44
32
29
39
49
11
32
4
72
49
3
54
30
23
6
9
63
10
52
57
85
9
68
53
64
6
22
38
8
90
5
11
3
81
37
35
48
42
6
25
61
14
6
30
92
67
35
56
91
52
64
80
30
66
9
10
16
22
77
53
93
67
74
46
58
19
8
88
13
21
49
51
40
15
2
47
81
87
16
38
79
92
36
68
88
87
9
28
4
11
82
5
50
22
50
17
16
75
34
36
27
25
47
55
71
73
81
44
46
45
64
54
33
55
35
89
82
33
47
30
71
17
4
9
92
47
4
11
76
79
19
8
31
73
91
66
80
28
34
22
35
9
14
2
62
67
24
77
8
33
82
49
40
40
51
88
21
13
42
91
78
53
56
72
65
44
68
42
70
6
24
19
7
19
39
62
53
32
24
79
82
63
73
60
1
65
29
30
48
56
12
37
61
15
73
60
47
70
48
73
65
67
65
72
44
24
50
34
23
81
7
56
83
32
20
35
51
52
53
51
90
23
82
69
29
78
11
57
47
22
7
59
58
20
84
51
53
40
70
21
22
37
48
13
78
28
19
37
20
30
25
45
4
88
71
30
76
69
49
63
24
61
54
28
83
92
0
9
86
83
17
6
86
12
13
16
75
30
3
79
58
49
52
73
12
32
56
71
26
20
57
28
90
81
34
92
11
48
72
6
71
84
5
62
58
39
65
86
54
12
56
30
84
91
66
83
34
80
70
39
21
13
48
88
83
12
49
58
43
6
40
70
24
28
36
0
70
25
22
70
53
47
38
15
44
6
72
92
83
30
82
16
91
26
63
28
40
33
24
24
18
77
27
34
54
18
55
86
13
87
47
10
24
84
45
41
4
39
5
56
86
74
49
82
15
75
34
34
46
35
88
21
12
25
31
14
52
68
24
14
61
77
16
58
2
66
37
35
23
66
66
89
17
51
76
11
29
21
86
22
54
65
84
31
39
50
39
70
27
78
76
78
83
11
19
72
41
24
52
86
19
0
38
83
28
28
18
90
43
13
5
18
39
55
31
14
28
69
39
79
87
75
74
72
44
2
30
23
6
91
63
37
17
88
2
65
80
90
39
60
43
23
47
57
48
70
15
72
42
65
23
43
54
24
6
13
30
61
20
42
77
51
69
59
51
11
60
25
34
3
70
89
45
0
60
72
78
67
58
14
55
90
34
37
36
21
9
51
56
72
16
71
78
40
15
81
64
45
73
18
6
92
56
45
93
57
57
86
82
57
55
43
67
21
15
56
52
24
45
73
37
48
80
4
93
25
55
45
6
82
53
44
24
28
36
25
46
31
34
35
8
29
79
62
69
80
43
50
70
7
8
12
64
25
20
73
69
84
3
1
64
39
24
72
30
93
20
60
9
35
49
92
17
58
88
90
49
34
13
46
72
59
93
3
58
2
54
30
74
60
31
59
26
58
61
1
8
62
78
6
53
33
76
71
61
87
1
4
48
46
44
59
62
48
69
82
59
82
3
87
16
46
18
42
42
23
12
93
2
68
0
61
40
59
52
46
90
9
28
81
28
41
76
73
55
52
71
11
91
69
22
33
13
50
69
9
2
13
42
27
29
93
22
64
73
83
77
69
86
14
45
74
83
34
93
10
51
93
17
72
40
9
15
4
55
11
3
40
10
76
7
79
33
10
47
14
32
44
84
53
9
86
19
39
80
74
15
3
92
24
19
93
73
61
25
85
27
9
29
48
42
80
34
92
10
12
49
42
26
85
11
28
65
36
23
82
48
56
64
35
86
62
56
0
29
24
3
58
76
68
35
40
37
60
92
88
25
86
38
10
88
78
18
82
60
7
76
70
41
32
13
30
13
2
92
87
40
24
58
63
71
24
8
10
66
74
31
42
7
31
21
77
28
36
67
55
22
49
85
36
73
2
25
14
40
86
56
27
41
63
6
82
19
16
92
82
51
83
6
49
38
55
47
78
67
34
78
20
80
84
84
5
85
93
35
14
39
67
25
77
83
10
43
55
92
69
16
7
43
14
14
40
54
44
79
63
2
21
61
31
84
47
72
88
39
49
86
67
76
68
74
92
62
31
62
45
72
4
84
46
65
85
30
81
88
44
66
2
70
4
37
40
17
48
44
45
50
14
23
72
47
32
17
50
46
13
0
40
55
17
2
19
68
81
86
32
8
61
70
73
57
65
19
61
3
50
4
53
33
75
60
60
52
25
12
72
79
18
81
89
77
25
53
93
60
77
48
16
46
62
13
93
45
82
88
38
61
33
4
32
68
29
89
78
67
67
13
71
21
88
5
89
8
62
50
21
75
44
90
85
0
87
13
88
61
70
38
26
34
23
89
88
70
80
81
89
43
40
58
89
55
75
59
46
69
43
65
50
69
80
47
71
90
46
6
6
0
55
77
54
29
87
58
19
24
62
57
82
54
73
12
57
70
59
3
0
25
64
52
13
48
83
8
87
22
32
19
28
73
74
88
81
14
92
77
34
25
5
51
44
4
86
43
82
75
76
87
60
33
32
80
53
60
61
32
73
88
41
12
56
48
43
73
7
12
65
74
91
31
27
88
49
21
1
69
53
69
14
72
76
21
30
80
27
44
83
33
83
29
44
63
89
65
28
68
44
74
69
3
77
30
22
53
82
43
78
9
82
51
36
16
10
71
62
31
37
43
8
2
11
12
73
29
88
84
36
25
54
40
31
53
38
78
45
87
29
53
27
73
36
64
26
77
55
49
91
85
56
49
92
81
82
71
63
78
11
45
27
58
17
50
10
84
20
64
39
44
61
16
49
58
44
92
49
85
43
13
30
35
57
56
67
56
87
5
27
27
81
69
74
64
21
31
74
90
67
61
47
52
35
23
33
65
53
24
2
34
74
57
71
15
27
89
71
6
78
37
14
84
26
74
6
71
48
22
10
69
75
1
64
56
58
17
72
78
49
26
88
6
42
52
35
44
32
28
92
42
61
7
64
29
52
66
25
42
30
75
80
20
0
46
22
39
69
18
46
72
71
32
29
15
38
24
29
7
72
38
19
32
52
86
92
74
46
50
24
58
15
0
91
66
87
78
41
74
68
2
64
26
84
43
82
48
90
68
90
20
34
78
2
79
20
21