41
39
26
55
31
71
80
14
55
34
56
57
13
35
37
86
1
81
43
82
59
40
76
40
23
92
36
32
30
12
25
80
24
56
23
0
93
73
1
51
79
93
23
15
41
63
89
44
71
15
70
52
79
78
67
3
47
35
69
35
68
17
37
38
17
78
25
59
50
39
12
11
24
60
15
12
54
73
68
15
12
15
60
31
38
82
50
54
20
45
4
30
18
46
74
0
10
33
5
92
8
81
21
2
54
58
64
26
27
21
46
24
1
22
71
92
18
19
12
38
1
91
4
70
39
13
34
47
79
65
72
85
82
21
42
65
55
14
33
23
13
81
67
67
61
91
82
82
2
56
91
79
81
87
16
59
88
48
50
89
60
12
5
17
16
85
66
17
71
35
59
64
1
22
7
27
85
15
25
77
10
9
12
31
52
13
44
83
30
35
25
51
49
89
79
21
93
38
37
36
8
45
39
28
40
19
79
91
53
68
58
56
63
20
42
10
82
12
83
40
91
82
45
82
68
56
64
57
67
90
76
20
23
89
47
42
16
56
54
13
92
86
69
58
1
24
82
64
18
11
0
3
75
45
74
2
32
9
50
12
3
49
2
82
53
77
55
51
82
50
30
32
73
21
31
80
23
62
16
86
33
13
53
63
30
37
39
14
34
70
18
17
53
38
83
57
41
13
61
74
56
34
52
60
88
69
89
87
11
92
88
31
90
16
73
78
67
45
55
92
84
58
85
52
82
43
63
70
85
64
3
65
26
44
5
30
35
65
55
61
2
9
12
43
85
53
59
69
1
42
33
0
49
75
46
43
54
80
24
76
33
68
66
48
36
46
31
42
64
38
14
69
65
17
46
42
28
23
50
6
74
74
60
40
30
74
35
7
14
17
33
92
66
2
38
92
70
60
58
6
50
72
17
39
50
23
67
46
57
7
43
58
29
81
69
77
49
29
44
77
36
76
79
74
18
87
16
76
84
4
33
13
48
1
45
93
93
53
44
1
33
31
38
50
53
64
19
24
38
2
86
65
33
58
1
66
36
3
60
31
91
24
78
90
52
73
80
72
25
73
1
36
4
37
63
71
3
10
18
85
76
23
29
14
26
17
63
74
71
17
14
54
74
90
15
55
54
64
83
30
86
17
8
33
41
27
20
90
49
50
6
78
90
35
5
10
91
78
12
90
59
25
26
24
62
82
16
25
75
61
16
68
28
12
6
82
16
70
33
18
38
56
7
56
3
86
62
83
10
49
82
62
91
88
54
22
15
83
67
55
89
1
46
51
23
5
68
9
53
73
42
41
12
12
15
40
17
50
33
72
35
16
89
79
62
93
41
13
71
77
88
54
25
3
49
50
12
21
1
69
31
75
69
90
70
58
25
58
55
73
84
60
72
50
10
86
28
41
17
45
43
84
22
73
21
9
58
38
22
47
76
81
61
64
51
76
10
15
53
45
47
47
47
1
20
51
91
25
90
2
0
20
64
88
35
23
51
57
39
77
73
72
3
92
3
34
89
26
63
62
49
43
1
92
37
2
43
40
4
64
14
21
21
26
60
29
89
31
69
89
83
65
49
86
88
2
14
81
26
24
6
81
35
60
59
2
5
70
89
51
15
36
93
3
54
68
40
55
80
74
63
76
30
61
40
2
72
88
72
17
40
70
60
79
1
86
61
1
0
70
60
21
49
78
28
87
90
19
78
50
69
44
79
70
85
82
44
47
38
86
22
31
13
30
23
59
9
82
48
5
24
90
89
79
69
68
86
72
62
84
71
89
11
47
29
77
35
89
76
27
40
36
45
81
10
48
11
83
17
92
24
89
74
56
52
55
20
48
40
34
26
36
40
5
85
74
24
35
27
33
84
10
77
21
59
33
71
20
68
35
78
1
45
10
32
60
18
48
21
11
22
4
24
51
36
39
79
38
25
56
72
75
15
46
19
37
28
20
65
82
91
93
75
70
3
72
41
56
22
85
90
0
68
77
76
11
9
79
72
69
0
6
26
50
27
2
9
85
86
50
48
14
63
4
73
53
25
38
49
59
26
85
75
23
17
9
68
80
88
55
87
50
1
92
29
2
21
3
56
21
71
80
16
1
62
70
66
47
17
92
93
0
43
78
47
27
11
48
84
48
65
44
15
32
43
46
56
34
0
65
42
37
47
48
1
91
73
60
20
33
9
26
34
48
10
66
33
65
48
17
17
23
36
12
20
45
32
79
36
9
19
56
50
65
19
58
37
48
31
47
68
85
56
27
39
14
47
44
7
60
28
55
18
25
4
90
58
81
30
44
22
30
26
11
27
8
22
31
83
13
25
12
2
76
67
63
79
10
35
52
5
91
81
43
43
37
88
47
23
0
93
72
6
75
6
83
3
40
66
68
50
53
82
65
56
26
69
65
52
44
39
78
73
66
86
17
78
20
90
83
67
48
17
90
5
21
73
45
62
42
27
80
91
78
25
71
75
7
88
53
1
71
80
89
10
83
7
73
74
83
78
47
33
10
74
78
66
35
22
90
71
93
21
79
51
45
44
6
44
82
3
21
73
52
10
71
83
3
15
64
46
82
80
84
89
48
61
56
39
35
5
51
39
87
37
93
87
30
61
56
87
28
56
70
92
28
52
86
78
50
31
0
5
68
61
65
79
5
73
29
84
52
42
81
40
24
57
11
12
70
77
29
79
86
39
62
45
39
53
46
18
63
75
29
46
62
25
5
27
78
50
65
43
86
61
20
39
66
16
55
49
73
91
25
41
26
84
73
90
74
49
50
35
61
49
35
68
73
57
84
90
34
40
63
90
67
64
21
41
90
86
93
65
59
55
10
85
35
1
40
89
25
17
25
24
54
25
87
84
77
31
52
62
20
7
18
17
88
66
34
29
76
3
84
69
78
27
32
56
27
89
58
68
70
20
40
60
34
35
75
19
71
66
3
70
83
61
38
4
32
12
63
38
55
74
53
38
67
57
31
17
4
13
36
76
85
36
80
52
10
31
20
46
30
68
39
65
26
74
38
81
80
61
72
79
50
12
63
50
5
67
76
90
39
48
81
68
62
89
79
30
58
87
9
9
91
1
63
32
4
42
25
63
66
10
82
2
23
62
47
61
75
11
66
1
71
8
26
92
69
61
26
46
74
4
73
0
92
3
40
56
64
35
41
5
48
67
86
79
19
49
55
44
5
72
84
63
85
5
42
56
30
3
36
0
13
21
54
46
56
92
14
69
24
10
36
81
8
46
17
13
37
1
92
89
13
86
39
51
14
73
21
12
29
88
18
87
63
63
59
90
44
16
92
78
34
64
24
54
16
90
49
80
8
63
88
71
90
12
75
61
48
10
87
72
53
93
59
20
81
1
3
67
37
84
39
59
76
24
78
35
76
58
3
50
24
66
9
54
54
85
50
46
53
39
29
49
53
65
9
68
85
19
48
93
10
13
53
26
75
4
43
59
55
49
16
82
27
26
19
64
43
77
36
70
61
82
44
19
13
79
68
84
61
37
41
13
61
9
25
79
54
18
82
46
51
52
38
88
78
20
16
38
19
91
52
14
75
82
44
50
59
40
21
61
50
85
36
84
4
3
82
73
42
17
79
82
73
60
69
43
30
39
1
77
23
65
76
65
29
53
76
79
11
60
7
44
45
30
75
77
91
53
0
32
67
81
10
21
87
53
42
54
92
8
28
92
30
78
36
9
42
55
22
54
55
47
58
11
49
0
17
29
53
51
22
2
28
88
93
55
50
47
17
82
88
30
0
24
22
50
24
80
86
59
31
18
76
0
74
68
26
34
92
8
20
33
22
17
51
30
23
50
13
39
62
6
71
89
22
0
75
41
33
27
14
71
81
28
34
60
70
40
90
11
0
71
18
12
32
12
40
8
58
15
9
17
77
91
27
50
65
10
51
68
44
79
56
60
52
59
48
72
17
23
45
43
8
64
4
58
60
88
27
21
93
15
10
71
88
80
30
93
5
73
8
4
81
73
11
81
53
65
91
9
33
62
43
22
87
30
79
87
86
27
11
69
4
53
75
12
59
77
11
71
16
89
47
92
35
0
59
8
14
35
85
84
4
89
58
37
44
32
30
64
38
22
22
42
21
85
71
25
91
51
44
90
63
76
0
31
10
5
41
54
18
90
83
54
68
4
26
58
0
9
83
46
79
65
20
72
83
38
62
5
19
60
80
68
47
10
34
38
4
41
75
4
54
52
34
49
40
74
37
52
34
50
62
49
62
91
8
26
29
56
71
29
76
48
21
2
60
41
28
44
69
22
23
40
47
64
70
9
89
69
72
69
82
33
88
83
78
29
42
20
82
7
2
85
23
44
28
26
48
14
45
89
68
75
35
26
4
33
87
41
15
31
45
60
35
57
72
75
63
9
78
68
24
22
61
56
60
50
19
10
89
52
46
66
58
53
23
49
19
10
26
55
25
64
5
38
53
45
28
36
46
15
6
21
64
44
5
58
69
77
74
41
68
24
17
87
86
50
71
45
28
44
32
63
7
70
76
25
19
4
43
15
24
8
55
30
90
47
59
64
36
91
30
78
19
72
33
47
54
50
64
1
91
61
59
87
73
31
61
44
4
90
24
13
93
84
30
38
16
21
42
30
2
50
63
59
31
69
57
59
82
25
51
16
34
11
34
87
62
53
19
28
20
68
8
20
54
34
38
88
11
8
73
85
40
38
40
18
78
28
7
36
0
78
23
13
16
60
45
40
50
27
73
76
69
40
60
80
27
42
58
17
80
83
68
0
30
2
81
31
67
39
79
68
39
80
63
83
5
50
16
58
93
73
40
52
0
76
3
31
11
51
62
13
12
90
64
53
55
1
71
65
26
43
83
5
84
32
74
36
52
44
2
86
50
45
87
45
8
34
23
45
14
12
46
1
51
81
80
7
65
32
18
51
22
61
92
43
92
27
83
17
57
78
90
60
29
51
24
51
62
36
27
42
72
72
66
24
76
91
8
39
4
52
70
47
15
29
36
65
51
86
1
41
4
33
40
42
66
72
73
81
23
21
70
71
77
70
75
18
44
55
52
75
31
88
84
64
88
36
17
90
77
29
65
65
13
59
87
82
19
77
2
87
88
71
67
20
21
36
5
73
60
69
21
49
62
43
45
8
55
53
30
26
39
74
49
79
44
37
79
44
26
65
42
57
62
62
29
31
55
13
60
17
42
45
36
13
33
92
19
87
5
26
84
11
36
33
86
82
51
48
52
77
90
14
34
7
93
12
86
68
33
41
24
2
76
55
87
17
39
16
69
76
36
73
43
44
14
5
62
17
58
38
58
16
91
63
38
45
74
15
86
4
11
67
4
84
24
26
10
23
73
21
52
42
8
26
61
40
30
39
34
45
92
4
90
5
5
68
1
33
46
89
82
13
20
17
89
0
2
26
31
16
90
27
4
83
81
21
67
71
81
87
72
5
71
72
87
52
44
89
32
30
3
45
74
75
32
37
18
8
26
93
17
71
91
7
34
34
22
27
80
78
73
69
61
61
62
58
18
52
90
7
31
58
59
39
81
55
45
74
4
76
76
80
43
31
74
58
79
65
83
93
67
61
93
40
41
61
60
2
26
37
19
60
92
54
19
31
89
20
79
65
89
52
9
11
87
36
19
65
61
24
5
56
40
78
54
3
24
45
16
65
82
46
15
3
7
55
34
41
6
43
31
30
89
17
92
10
36
17
34
66
31
85
77
48
92
74
2
71
47
21
81
24
55
39
54
57
59
0
22
16
47
81
87
58
37
64
71
21
89
26
7
14
81
47
14
27
35
61
26
49
36
71
57
32
27
28
84
92
5
50
31
82
75
5
1
39
93
88
78
90
48
93
78
57
18
78
63
35
19
93
8
47
13
63
19
18
3
3
62
36
91
1
0
93
73
31
14
24
8
36
22
70
30
80
67
88
55
59
3
91
71
41
42
66
41
26
59
74
38
18
65
28
30
77
10
76
47
65
10
12
3
2
83
35
42
5
4
84
85
70
5
72
73
55
7
48
54
84
54
77
82
61
3
46
91
92
8
73
2
88
47
33
67
42
66
81
79
56
21
49
49
61
79
89
55
37
45
54
69
77
3
90
58
23
18
24
44
5
49
9
32
64
17
33
77
50
76
17
14
76
20
62
69
73
80
67
4
49
49
70
54
84
56
5
85
15
62
77
17
26
65
77
70
53
3
85
46
64
9
21
1
45
17
21
74
3
13
80
24
58
39
2
67
9
22
78
3
47
53
22
34
87
68
82
90
63
25
93
41
67
71
92
31
78
49
47
61
8
85
17
65
17
24
47
44
91
69
62
64
49
7
9
15
36
2
1
81
63
29
56
46
15
46
13
33
5
26
89
86
83
23
85
66
78
22
6
38
89
69
60
15
80
84
43
30
65
52
13
17
23
65
83
34
59
39
57
19
24
19
16
72
52
23
10
49
78
65
86
33
70
75
30
58
37
31
3
5
93
60
4
48
81
38
85
32
13
1
27
49
36
58
16
41
1
73
48
77
67
19
8
89
55
55
83
93
25
55
76
43
7
40
23
78
28
64
51
18
81
42
82
2
86
26
13
93
61
54
44
45
62
61
12
28
77
10
58
90
48
3
39
73
19
91
29
26
50
41
66
65
73
67
17
62
21
84
65
69
77
35
46
6
14
27
77
63
71
63
68
74
23
55
46
24
86
63
61
53
32
48
84
40
24
10
60
86
82
47
39
93
31
7
2
44
20
32
92
46
33
60
51
55
63
81
84
31
55
18
29
74
81
41
32
49
4
81
90
82
69
73
27
56
75
55
16
8
42
15
21
70
32
76
35
41
37
43
76
46
11
57
31
85
81
58
75
13
1
71
75
71
90
10
85
42
85
84
23
88
90
53
14
28
50
40
91
80
24
41
83
8
35
27
22
11
56
89
63
42
51
57
35
47
88
43
54
40
32
40
69
38
47
9
39
4
60
45
20
76
11
71
39
35
89
34
6
77
13
17
24
57
80
62
17
33
33
51
85
58
92
54
11
82
93
10
30
66
63
26
23
71
5
42
11
62
21
24
1
60
35
50
49
60
41
71
87
9
85
16
49
81
3
89
17
65
28
54
86
61
59
5
72
45
54
52
45
39
37
6
79
33
64
76
48
44
72
1
43
84
18
33
3
79
26
25
29
18
16
37
64
34
2
66
15
36
44
59
75
18
52
81
10
47
41
58
46
24
62
83
40
40
32
69
8
92
30
42
0
67
38
68
11
0
66
86
53
87
85
69
56
62
76
53
85
14
56
68
81
58
62
51
89
22
71
13
14
7
88
69
88
16
67
33
73
33
20
60
29
50
18
73
62
59
69
81
16
76
85
59
42
40